Query,Relevant
"""Trendy fusion restaurant with creative dishes for a busy professional seeking balanced flavors""",False
"""Rustic Italian eatery with artisanal pasta for a foodie who values authenticity""",False
"""Modern vegan bistro offering innovative plates for someone mindful about their diet""",False
"""Chic urban diner with seasonal menus for a traveler craving local flair""",False
"""Elegant French restaurant reinterpreting classics for a patron desiring refined simplicity""",False
"""Boutique gastropub blending craft beers and gourmet bites for a casual yet discerning palate""",True
"""Innovative fusion spot combining unexpected ingredients for a culinary adventurer""",False
"""Minimalist restaurant with organic ingredients for a health-conscious diner who enjoys subtle flavors""",False
"""Artisan pizzeria with a modern twist for someone who appreciates rustic charm with creative toppings""",False
"""Quirky bistro reimagining comfort food for a guest seeking nostalgia mixed with innovation""",False
"""Upscale seafood restaurant offering sustainable options for an eco-aware gourmet""",False
"""Contemporary diner serving hearty plates for a sports enthusiast balancing indulgence and fitness""",True
"""Urban bistro mixing classic and modern elements for a young professional who craves vibrant dining""",False
"""Eclectic eatery with global influences for a curious diner exploring diverse culinary traditions""",False
"""Artful restaurant with seasonal experimentation for a creative soul drawn to unexpected flavors""",False
"""Modern fusion eatery featuring bold pairings for a diner eager to experience daring cuisine""",False
"""Rustic steakhouse reinvented with lean cuts for a fitness buff mindful of protein intake""",False
"""Chic tapas bar with inventive small plates for a social diner seeking variety and quality""",False
"""Boutique venue merging street food with fine dining for an urbanite after a unique twist""",False
"""Sophisticated bistro with a fusion menu for a connoisseur balancing tradition and innovation""",False
"""Innovative vegetarian spot offering globally inspired dishes for a conscious eater beyond salads""",False
"""Stylish modern diner presenting reinterpreted classics for a guest desiring comfort with creativity""",False
"""Quirky fusion restaurant with unexpected flavor contrasts for an adventurer exploring new tastes""",False
"""Elegant eatery featuring organic seasonal fare for a health-aware gourmet preferring subtle indulgence""",False
"""Contemporary gastropub with craft culinary experiments for a diner who enjoys playful refinement""",True
"""Urban dining venue with international influences for a traveler after an authentic taste experience""",False
"""Minimalist bistro serving light yet flavorful dishes for a busy professional watching their weight""",False
"""Artisan restaurant with a creative spin on comfort classics for a discerning diner seeking innovation""",True
"""Modern fusion bistro with experimental ingredients for a patron who values both nutrition and novelty""",False
"""Rustic-chic dining space reinterpreting local traditions for a culturally curious food lover""",False
"""Sleek urban eatery offering refined, balanced plates for someone who craves both taste and wellness""",False
"""Boutique restaurant with inventive twists on family recipes for a nostalgic diner seeking modern flair""",False
"""Contemporary bistro merging global spices with local produce for a foodie who treasures freshness""",False
"""Elegant fusion restaurant reimagining classics for a diner desiring a light yet satisfying meal""",False
"""Modern spot with creative reinterpretations for an individual eager to explore balanced flavors""",False
"""Urban bistro with a playful mix of tradition and innovation for a busy person in need of a culinary escape""",False
"""Artful restaurant blending minimalism with bold flavors for someone who loves nuanced dining experiences""",False
"""Chic modern eatery with inventive seasonal menus for a health-minded patron who values creativity""",False
"""Stylish fusion spot with a curated selection for a culinary explorer balancing indulgence and restraint""",False
"""Rustic dining venue with a contemporary edge for a guest who values heritage with a modern twist""",False
"""Innovative gastropub focusing on sustainable ingredients for an eco-conscious diner seeking robust flavors""",False
"""Minimalist restaurant with elegant presentations for a patron after a refined, health-aware experience""",False
"""Boutique bistro offering reinterpreted international dishes for a traveler looking to embrace global trends""",False
"""Contemporary fusion eatery with eclectic options for someone who loves a balance of tradition and modernity""",False
"""Urban restaurant with subtle nods to classic flavors for a diner who values mindful yet indulgent meals""",True
"""Sophisticated bistro with artisanal touches for someone who appreciates innovation in a relaxed setting""",False
"""Modern dining venue reimagining comfort food for a busy professional aiming for balanced indulgence""",True
"""Artisan eatery blending rustic charm with modern techniques for a foodie seeking a unique twist""",True
"""Chic urban diner with experimental global flavors for a guest eager to push culinary boundaries""",False
"""Elegant fusion bistro combining heritage recipes with modern flair for a diner balancing tradition and trend""",False
