Query,Relevant
"""Family-friendly restaurants featuring outdoor seating, kid-approved menus, and budget-friendly pricing.""",False
"""Top spots for vegan and gluten-free dining with a strong emphasis on cleanliness and hygiene.""",False
"""Restaurants offering live entertainment, vibrant atmospheres, and an extensive selection of drinks.""",False
"""Highly-rated eateries specializing in authentic cultural cuisines and sustainable sourcing practices.""",False
"""Places known for quick service, hearty portions, and affordable dining experiences.""",True
"""Cozy restaurants with exceptional dessert menus, comfortable seating, and romantic vibes.""",False
"""Restaurants ideal for large groups, offering private dining spaces and customizable meal options.""",False
"""Eateries delivering great value for money, consistent food quality, and warm, welcoming staff.""",True
"""Restaurants with a strong online presence, glowing reviews, and uniquely themed interiors.""",True
"""Perfect date night destinations with soft lighting, quiet settings, and curated wine lists.""",False
"""Restaurants prioritizing allergen transparency and inclusive dining for diverse dietary needs.""",False
"""Eateries featuring seasonal menus, locally sourced ingredients, and farm-to-table philosophies.""",False
"""Professional settings for business meetings, with quiet seating, catering services, and efficient staff.""",False
"""Top picks for takeout and delivery, ensuring minimal wait times and fresh, flavorful meals.""",True
"""Restaurants celebrated for their cultural authenticity and traditional, immersive decor.""",False
"""Brunch spots with bottomless drinks, outdoor seating, and lively, energetic atmospheres.""",False
"""Restaurants offering loyalty rewards, discounts, and complimentary starters or desserts.""",True
"""Eateries with ample parking, wheelchair accessibility, and hassle-free reservation systems.""",False
"""Foodie havens with creative dish presentations, signature specialties, and multi-course tasting menus.""",False
"""Quiet dining spots with comfortable seating, low noise levels, and relaxed, inviting vibes.""",True
"""Restaurants committed to sustainability, eco-friendly practices, and organic ingredient sourcing.""",False
"""Trendy bars and eateries with expertly crafted cocktails, local brews, and modern decor.""",False
"""Places known for generous portions, perfectly served hot or cold dishes, and excellent value.""",True
"""Locally beloved restaurants with stellar reputations, high customer satisfaction, and consistent quality.""",True
"""Elegant venues for special occasions, featuring sophisticated decor, fine dining, and top-tier service.""",False
"""Tech-forward restaurants with digital menus, QR code ordering, and seamless online integration.""",False
"""Inclusive dining spots with diverse menus, culturally welcoming staff, and global flavors.""",False
"""Quick-service restaurants offering healthy, affordable meals for fast and convenient lunches.""",True
"""Outdoor dining destinations with scenic views, cozy seating arrangements, and weather-friendly setups.""",False
"""Community-focused restaurants known for local partnerships, charitable efforts, and regional specialties.""",False
"""Late-night dining spots with extended hours, lively atmospheres, and satisfying, hearty dishes.""",False
"""Dessert-centric eateries with homemade pastries, unique flavor combinations, and artistic plating.""",True
"""Restaurants with highly knowledgeable staff, detailed menu explanations, and expert wine pairings.""",False
"""Casual dining spots offering large portions, affordable prices, and laid-back environments.""",True
"""Efficient restaurants with easy reservation systems, minimal wait times, and well-organized seating.""",False
"""Cultural hubs featuring themed nights, live performances, and immersive dining experiences.""",False
"""Health-conscious restaurants providing calorie counts, organic choices, and fresh, wholesome ingredients.""",False
"""Eateries with standout beverage menus, including specialty coffees, teas, and non-alcoholic options.""",True
"""Consistently reliable restaurants across multiple locations, ensuring the same great experience every visit.""",False
"""Intimate dining venues with soft lighting, plush seating, and serene, calming atmospheres.""",False
"""Restaurants offering highly customizable dishes to accommodate dietary preferences and restrictions.""",False
"""Locally focused eateries with seasonal ingredients, chef-driven menus, and regional specialties.""",False
"""Quick-bite restaurants with fast service, affordable prices, and convenient, central locations.""",True
"""Celebratory dining spots with festive decor, lively music, and spacious, accommodating seating.""",False
"""Allergen-free kitchens with detailed ingredient lists and safe dining options for sensitive guests.""",False
"""Casual lunch spots featuring outdoor seating, quick service, and fresh, high-quality ingredients.""",True
"""Wine-focused restaurants with extensive lists, sommelier recommendations, and tasting events.""",False
"""Fusion cuisine restaurants blending global flavors, innovative techniques, and cultural influences.""",False
"""Cozy dinner spots with fireplace seating, warm lighting, and comforting, hearty dishes.""",False
"""Restaurants with impeccable cleanliness standards, rigorous hygiene practices, and food safety certifications.""",False
"""Community-oriented eateries engaging in local partnerships, charitable initiatives, and neighborhood support.""",False
